\32 0 5 5 17 ;space
A 5 5 17 17
B 22 5 15 17
C 38 5 17 17
D 55 5 16 17
E 73 5 14 17
F 89 5 13 17
G 103 5 18 17
H 123 5 16 17
I 140 5 5 17
J 146 5 11 17
K 158 5 16 17
L 174 5 13 17
M 187 5 19 17
N 207 5 16 17
O 224 5 18 17
P 1 33 15 17
Q 17 33 18 18 1
R 36 33 17 17
S 53 33 15 17
T 68 33 16 17
U 84 33 16 17
V 100 33 16 17
W 116 33 23 17
X 139 33 16 17
Y 155 33 16 17
Z 171 33 15 17
a 187 37 12 13
b 200 33 12 17
c 213 37 12 13
d 225 33 12 17
e 1 65 12 13
f 13 61 8 17
g 21 65 12 18 5
h 34 61 12 17
i 47 61 4 17
j 50 61 6 22 5
k 57 61 12 17
l 69 61 4 17
m 74 65 19 13
n 94 65 12 13
o 107 65 13 13
p 120 65 12 18 5
q 133 65 12 18 5
r 146 65 8 13
s 154 65 11 13
t 165 61 8 17
u 173 65 12 13
v 185 65 12 13
w 194 65 17 13
x 214 65 12 13
y 226 65 13 18 5
z 0 93 13 13
1 14 89 10 17 ;
2 26 89 12 17 ;
3 39 89 12 17 ;
4 51 89 13 17 ;
5 65 89 13 17 ;
6 78 89 12 17 ;
7 91 89 12 17 ;
8 104 89 12 17 ;
9 117 89 12 17 ;
0 130 89 12 17 ;
! 143 89 6 17
@ 150 89 23 22 5
# 173 89 14 17
$ 187 89 12 19
% 1 117 20 17 
^ 22 116 11 18
& 33 117 15 17
* 48 117 9 17
( 58 117 7 22 5
) 66 117 7 22 5
[ 74 117 6 22 5
] 80 117 6 22 5
{ 88 117 7 22 5
} 95 117 8 22 5
| 111 117 5 22 5
; 118 122 5 15 3
: 124 122 6 12
